1 1 0 0 0 1 1 0 0 0 1 0 0 0 0 0 0 0 0 0 0 0 1 1 0 0 0 0 0 0 1 1 1
2 0 1 1 0 0 0 1 0 0 0 1 1 1 0 1 0 1 1 1 1 1 1 1 0 0 0 1 1 0 1 1 0
3 1 0 0 1 0 0 0 1 1 1 0 0 0 0 0 0 0 0 0 0 0 0 1 0 0 0 0 0 0 0 1 1
4 0 1 0 1 0 1 0 1 0 0 1 1 1 0 1 1 0 1 0 1 0 0 0 0 0 1 0 0 0 0 0 0
5 1 1 1 1 1 1 1 1 1 1 1 0 1 1 1 0 1 0 0 1 0 0 0 0 0 0 1 0 0 1 1 1
6 1 0 0 1 0 1 1 0 0 0 0 0 0 1 0 0 0 0 0 0 0 0 1 0 0 0 0 0 1 1 1 1
7 0 0 1 0 0 1 1 0 1 0 1 1 1 1 1 1 0 0 1 1 0 1 1 1 0 0 0 0 1 1 0 0
8 1 1 0 0 0 0 1 1 0 0 1 1 1 1 1 1 1 0 0 1 1 1 1 0 0 0 1 1 0 1 1 1
9 0 0 0 0 0 0 0 0 0 0 0 0 0 0 0 0 0 0 0 0 0 0 0 0 0 0 0 0 0 0 0 0
10 0 1 0 1 0 1 1 0 0 0 1 0 1 1 1 0 0 0 0 1 0 1 1 1 0 1 0 0 0 0 0 0
11 1 0 0 0 1 0 1 0 0 1 1 1 1 1 0 1 1 1 1 1 1 1 1 0 0 0 1 1 0 1 1 1
12 0 0 0 0 0 0 0 0 0 0 0 0 0 0 0 0 0 0 0 0 0 0 0 0 0 0 0 0 0 0 0 0
13 0 0 0 1 0 1 0 0 0 1 0 0 0 0 0 0 0 0 0 0 0 0 0 0 0 0 0 0 0 1 0 0
14 0 0 1 0 0 0 0 0 0 0 0 0 1 0 0 0 0 0 0 0 0 0 1 0 0 0 0 1 1 0 0 0
15 0 1 1 1 1 1 1 1 0 1 1 1 0 0 0 0 1 0 1 1 0 0 0 0 0 0 1 0 0 1 1 0
16 1 0 0 1 0 0 1 0 0 1 0 0 0 0 0 0 0 0 0 0 0 0 1 1 0 0 0 0 0 1 0 0
17 1 1 0 1 1 1 0 1 0 1 1 0 0 0 0 0 0 0 0 1 0 0 1 0 0 1 0 0 0 0 0 1
18 1 0 0 1 0 0 1 0 0 0 0 0 1 0 1 1 0 0 0 0 0 0 0 0 0 0 0 0 0 1 0 0
19 1 1 1 1 1 0 1 0 1 0 1 1 1 1 1 1 1 1 1 1 1 1 1 0 1 1 1 1 1 1 1 0
20 1 0 0 1 1 1 1 1 0 1 0 0 0 0 0 0 0 0 0 0 0 1 1 0 0 0 0 0 0 1 1 1
21 1 1 0 1 1 1 1 1 1 0 1 1 1 1 1 0 1 1 0 0 0 1 1 1 1 0 1 0 0 0 1 1
22 0 0 1 1 0 1 1 1 0 1 0 0 0 1 0 0 0 0 0 1 0 0 0 0 0 1 0 0 0 1 1 0
23 0 0 1 1 1 1 0 0 0 0 1 1 1 0 0 0 0 0 0 1 1 0 0 0 0 0 1 0 1 0 1 1
24 1 1 1 1 1 1 1 0 0 1 1 1 1 0 1 0 1 1 1 1 1 0 1 0 0 1 1 1 1 0 1 1
25 0 1 0 1 1 1 1 1 0 1 0 1 0 0 1 0 0 0 0 0 0 0 1 0 0 0 0 0 0 1 1 1
26 0 0 1 0 0 1 1 0 0 1 1 1 1 0 0 0 0 1 0 0 0 1 0 1 0 0 0 0 0 0 0 1
27 1 0 0 1 0 1 0 0 1 1 0 0 0 0 0 0 0 0 0 0 0 0 1 0 0 0 0 0 0 0 1 0
28 0 0 0 0 0 1 0 0 1 1 0 0 0 0 0 0 0 0 0 0 0 0 1 0 1 0 0 0 0 0 1 0
29 0 0 0 0 0 0 0 1 0 1 0 0 0 0 0 1 0 0 0 0 0 0 0 0 0 0 0 0 1 1 0 0
30 0 0 0 0 0 0 1 0 0 0 0 0 0 0 1 0 0 0 0 0 0 0 0 0 0 0 0 0 1 0 0 0
31 1 1 0 1 1 1 1 1 1 1 0 0 0 0 0 0 0 0 0 1 0 1 1 1 1 0 0 0 0 1 1 1
32 1 1 1 0 0 1 1 0 0 0 1 1 1 1 1 1 1 1 1 1 1 1 1 0 0 1 1 1 1 1 1 1
33 1 1 0 0 1 1 1 1 0 1 0 0 1 1 0 1 0 0 0 0 0 1 1 1 1 1 0 0 0 0 1 1
34 0 1 1 1 1 0 1 0 0 1 1 1 1 1 1 1 1 1 1 1 1 1 1 0 0 1 1 1 1 1 0 1
35 0 1 1 1 0 1 0 0 1 0 1 1 1 1 1 0 1 0 1 1 0 0 1 0 0 0 1 0 0 1 0 1
36 1 1 1 1 1 1 1 1 1 1 1 0 1 1 1 1 1 1 0 1 1 1 1 0 1 1 1 1 1 1 1 1
37 1 1 1 1 1 1 1 1 1 1 1 1 1 1 1 1 1 1 1 1 1 1 1 0 0 1 1 1 1 1 1 1
38 0 1 0 1 0 1 0 0 0 1 0 0 1 1 1 1 0 0 1 1 1 1 0 0 1 0 0 0 0 1 1 1
39 1 0 0 1 0 0 0 1 1 1 1 0 1 0 1 0 0 0 0 0 0 1 0 0 0 0 0 0 0 1 1 0
40 1 0 0 0 0 0 1 1 0 0 0 0 0 0 0 0 0 0 0 0 0 0 1 0 0 0 0 0 0 0 0 1
41 1 1 0 0 0 0 0 0 0 0 0 0 1 1 1 1 0 0 1 1 1 1 1 0 1 0 0 0 0 1 0 1
42 0 1 0 1 0 1 1 0 0 0 1 0 1 0 0 0 0 0 0 0 0 0 1 0 0 0 0 0 1 1 1 1
43 0 0 0 1 0 0 0 0 0 0 0 0 0 0 0 0 0 0 0 0 0 1 0 0 0 0 0 0 0 0 0 0
44 0 0 0 0 0 0 0 0 0 0 0 0 0 0 0 0 0 0 0 0 0 0 0 0 1 0 0 0 0 1 0 1
45 0 0 0 0 0 0 0 0 1 1 0 0 0 0 0 0 0 0 0 0 0 0 0 0 1 0 0 0 0 1 0 0
46 0 0 0 0 0 0 0 0 0 1 0 0 0 0 0 0 0 0 0 0 0 0 1 0 1 0 0 0 0 0 0 0
47 0 0 0 0 0 0 0 0 0 0 0 0 0 0 0 0 0 0 0 0 0 0 0 0 0 0 0 0 0 0 0 0
48 0 0 0 1 1 1 1 1 1 1 0 0 0 0 0 0 0 0 0 0 0 0 1 1 0 0 0 0 0 1 1 1
49 1 1 1 1 0 1 0 1 0 1 1 1 1 1 1 1 1 1 0 1 0 1 1 1 0 0 1 0 0 0 0 0
50 0 0 0 0 0 0 1 0 0 0 0 0 0 0 0 0 0 0 0 0 0 0 0 0 0 0 0 0 0 0 0 0
51 0 0 1 1 1 0 1 0 1 1 1 1 1 0 1 1 1 1 0 1 1 1 1 0 0 1 1 1 1 1 1 1
52 0 0 0 0 0 0 0 0 0 0 0 0 0 0 0 0 0 0 0 0 0 0 0 1 1 0 0 0 0 0 0 0
53 1 0 1 1 0 1 1 1 0 0 0 1 1 1 0 0 0 0 0 0 0 1 1 0 0 1 0 0 0 0 0 1
54 0 1 1 0 0 0 1 0 0 1 1 0 1 0 1 1 1 0 1 1 1 1 1 0 0 1 1 1 1 1 1 1
55 0 0 0 1 0 0 0 0 0 0 0 0 0 0 0 0 0 0 0 0 0 1 0 0 0 0 0 0 0 0 0 0
56 0 0 0 0 0 0 0 0 0 0 0 0 1 1 1 0 0 0 1 0 0 0 1 0 0 0 0 0 0 0 0 0
57 0 0 0 0 0 1 0 1 0 0 0 0 1 0 0 0 0 0 1 0 0 1 1 0 0 0 0 0 0 0 1 1
58 0 1 0 1 0 0 0 0 0 1 0 0 1 0 0 0 0 0 0 0 0 0 1 0 1 0 0 1 0 0 0 0
59 0 0 0 1 0 0 1 0 0 1 1 0 0 0 1 0 1 1 0 0 0 0 1 0 1 0 1 0 1 1 0 0
60 0 0 0 1 0 0 1 0 0 0 0 0 0 0 0 0 0 0 0 0 0 0 1 0 1 0 0 0 0 0 0 0
61 1 1 1 1 0 0 0 1 0 1 1 1 1 1 1 0 1 0 0 1 1 1 1 0 0 0 1 1 1 1 1 1
62 1 1 1 1 1 1 1 1 1 1 1 1 1 1 1 1 1 1 1 1 1 0 1 0 0 1 1 1 1 1 1 1
63 0 0 0 0 1 1 0 1 1 1 0 0 0 0 0 0 0 0 0 0 0 1 1 0 0 0 0 0 0 1 0 1
64 1 0 1 0 0 1 1 0 1 0 1 1 1 1 1 1 1 1 1 1 1 1 1 1 1 1 1 1 1 0 1 1
65 0 0 0 0 0 0 0 0 0 0 0 0 0 0 0 0 0 0 0 0 0 0 0 0 0 0 0 0 0 0 0 0
66 1 1 1 0 0 0 1 1 0 1 1 1 0 1 1 1 1 1 0 1 1 1 1 1 1 0 1 1 0 0 1 1
67 1 1 0 1 0 0 1 0 0 0 1 1 1 1 1 0 1 0 0 1 0 1 1 0 0 0 1 0 0 0 1 0
68 1 0 0 1 0 1 1 0 0 1 0 0 0 0 0 0 0 0 0 0 0 0 1 0 0 0 0 0 0 1 1 1
69 0 0 0 0 0 0 0 0 0 1 1 0 1 1 1 0 1 0 0 1 0 1 1 0 0 0 1 1 0 1 1 1
70 0 0 0 1 1 1 1 0 0 0 0 0 0 0 0 0 0 0 0 0 0 1 0 0 0 0 0 0 0 0 0 0
71 1 0 0 0 0 0 0 1 0 0 1 0 1 1 0 0 0 0 0 0 0 1 0 0 1 0 0 0 0 0 0 1
72 0 0 0 0 0 0 1 0 0 0 1 1 1 1 1 1 1 1 0 1 0 1 0 0 0 0 1 0 0 0 1 1
73 0 0 0 0 0 0 0 0 0 0 0 0 0 0 0 0 0 0 0 0 0 0 1 0 0 0 0 0 0 1 0 1
74 0 0 0 0 0 0 0 0 0 1 0 0 1 0 0 0 0 0 0 0 0 1 1 0 0 0 0 0 0 0 1 1
75 0 0 0 0 0 0 0 0 0 0 0 0 0 0 0 0 0 0 0 0 0 0 1 0 1 0 0 0 0 0 0 0
76 1 1 1 1 0 1 1 0 1 1 1 1 1 1 1 1 1 1 1 1 1 1 1 0 1 1 1 1 1 0 0 1
77 0 0 0 0 0 0 0 0 0 0 0 0 0 0 0 0 0 0 0 0 0 0 0 0 0 0 0 0 0 0 0 0
78 1 1 0 1 0 0 1 0 0 0 1 1 0 1 1 0 1 1 0 1 0 1 1 1 0 0 1 0 1 1 1 1
79 1 0 0 0 0 0 0 0 0 0 0 0 0 0 0 0 0 0 0 0 0 1 0 0 1 0 0 0 0 0 0 0
80 1 1 0 0 0 1 1 0 0 1 1 0 1 1 1 0 1 1 1 1 1 1 1 1 1 0 1 1 1 0 0 0
81 0 1 1 0 0 1 1 0 1 1 1 1 1 1 1 0 1 0 0 1 1 1 1 0 0 0 1 1 0 1 1 1
82 0 0 0 0 0 1 1 0 0 1 0 0 0 0 0 0 0 0 0 0 0 1 0 0 0 0 0 0 0 0 0 0
83 1 0 0 0 0 0 0 0 0 0 0 0 1 1 1 0 0 0 0 0 0 1 1 0 0 0 0 0 1 0 0 0
84 0 0 0 1 0 0 1 1 0 0 0 0 0 1 0 1 0 0 0 0 0 0 0 0 0 0 0 0 0 1 0 0
85 1 1 0 1 0 1 0 0 0 1 1 1 1 1 1 1 1 1 1 1 1 1 1 1 1 0 0 0 0 1 0 1
86 0 0 0 0 0 1 0 1 0 0 0 0 0 0 0 0 0 0 0 0 0 1 1 0 0 0 0 0 0 0 0 0
87 0 0 0 0 0 0 0 0 0 0 0 0 0 0 0 0 0 0 0 0 0 0 0 0 0 0 0 0 0 0 0 0
88 0 0 0 1 0 0 0 0 0 1 0 0 0 0 0 0 0 0 0 0 0 0 0 1 0 0 0 0 0 1 0 1
89 1 0 1 0 0 0 0 0 0 0 0 1 0 0 0 0 0 0 0 0 0 0 0 0 0 0 0 0 0 0 0 0
90 0 0 0 0 0 0 0 0 0 1 1 0 0 1 1 0 0 0 0 0 0 0 0 0 1 1 0 1 1 1 0 0
91 0 0 0 0 0 1 1 1 0 1 1 1 1 1 1 1 1 1 0 1 0 1 0 1 0 0 1 1 1 1 1 1
92 0 1 1 1 0 1 1 1 1 1 1 1 0 1 1 0 1 1 0 0 0 1 1 0 0 1 1 0 0 1 1 1
93 0 1 0 0 0 1 1 1 1 0 1 0 1 1 1 0 0 0 0 0 0 1 1 1 1 0 0 0 0 0 1 1
94 0 0 0 1 0 0 1 0 0 1 0 0 0 0 0 0 0 0 0 0 0 0 1 0 0 0 0 0 0 1 0 0
95 0 0 0 0 0 0 0 1 1 0 1 0 1 1 1 0 1 1 0 1 1 1 1 0 0 0 1 0 0 0 0 0
96 0 0 0 0 0 0 0 0 0 0 0 0 0 0 0 0 0 0 0 0 0 0 0 0 0 0 0 0 0 0 0 0
97 0 1 0 1 0 0 0 0 0 0 1 0 1 0 0 1 0 1 0 1 1 1 0 0 0 0 0 0 0 0 0 1
98 0 0 0 1 0 0 0 0 0 1 0 1 1 0 1 0 0 0 0 0 0 0 0 0 0 0 0 0 0 0 0 0
99 0 1 0 1 0 0 0 1 0 1 0 1 0 1 1 0 1 1 0 0 0 0 0 0 0 0 0 0 0 1 0 0
100 0 0 0 0 0 0 0 0 0 0 0 0 0 0 0 0 0 0 0 0 0 0 0 0 0 0 0 0 0 0 0 0
101 0 0 1 0 0 1 1 1 1 1 1 1 1 1 1 1 1 1 1 1 1 1 1 0 0 0 1 1 1 1 1 1
102 0 0 0 1 1 0 1 0 0 0 1 1 1 1 1 1 1 0 1 0 0 1 0 0 0 0 1 1 1 0 0 1
103 0 0 0 0 0 0 0 0 0 0 0 0 0 0 0 0 0 0 0 0 0 1 0 0 0 0 0 0 0 0 0 0
104 1 0 0 1 1 1 0 0 0 1 1 1 1 1 1 1 1 0 0 1 1 1 0 0 1 0 0 0 0 1 0 0
105 1 0 0 1 0 0 0 1 0 0 0 0 0 0 0 0 0 0 0 0 0 0 0 0 0 0 0 0 0 1 0 0
106 0 0 0 0 0 0 0 0 0 0 0 1 0 1 0 1 0 0 1 1 0 0 0 0 0 0 0 0 1 0 0 0
107 0 0 0 0 0 1 1 0 0 1 0 0 0 0 0 0 0 0 0 0 0 0 0 0 0 0 0 0 0 1 0 0
108 0 0 0 1 0 1 1 1 1 1 0 0 0 0 0 0 0 0 0 0 0 1 0 0 0 0 0 0 0 1 1 1
109 0 0 0 0 0 0 0 0 0 0 0 0 1 1 1 0 0 0 0 0 0 0 0 0 0 0 0 0 0 0 0 0
110 0 1 1 0 1 1 1 1 0 1 1 1 1 0 1 0 1 1 0 1 1 1 1 1 0 0 1 0 0 0 1 1
111 0 0 0 0 0 1 0 1 1 0 1 1 1 1 1 1 0 1 0 1 0 1 1 1 0 0 0 0 1 0 1 1
112 1 1 1 1 1 1 1 1 1 0 1 1 1 1 1 1 1 1 0 1 1 1 1 0 0 1 1 1 1 1 1 1
113 1 1 1 0 1 1 1 0 0 1 1 1 1 1 1 1 1 1 1 1 1 1 1 1 0 1 1 1 1 0 1 0
114 1 1 1 1 1 1 1 1 1 1 1 1 1 1 0 0 1 1 1 1 1 1 1 1 0 0 1 1 1 1 1 1
115 1 1 0 1 0 1 1 0 0 1 1 1 1 1 1 0 0 1 0 1 0 1 1 1 0 0 1 1 0 0 1 1
116 1 1 1 0 1 1 1 1 1 1 1 1 1 1 1 1 1 1 1 1 1 1 1 1 0 0 1 1 1 0 0 0
117 0 1 1 0 0 0 0 0 0 0 1 1 1 1 1 1 1 1 0 1 1 0 0 0 0 1 1 1 1 0 0 0
118 0 1 0 0 0 1 0 0 0 0 1 0 1 1 1 1 1 0 0 1 1 1 1 0 0 0 1 1 0 1 1 1
119 0 0 0 1 0 0 1 0 0 0 0 1 1 0 1 0 1 0 1 0 0 1 1 1 1 1 1 1 0 1 0 0
120 0 0 1 0 0 0 0 0 0 1 1 1 0 0 0 0 0 0 0 1 1 1 0 1 0 0 0 1 1 0 1 0
121 0 0 0 0 0 0 0 0 0 0 0 0 0 0 0 0 0 0 0 0 0 0 0 0 0 0 0 0 0 0 0 0
122 0 1 0 1 0 0 0 0 0 1 0 1 1 0 0 1 0 0 1 1 1 0 0 0 1 0 0 0 1 1 0 0
123 0 0 0 0 0 1 1 0 1 0 1 0 0 1 0 0 0 0 0 0 0 1 1 0 0 1 0 0 0 1 0 0
124 1 0 1 0 0 1 1 1 0 1 1 1 1 0 1 0 1 1 0 1 1 1 0 1 0 0 1 0 0 1 1 1
125 0 1 1 1 0 1 1 0 0 1 1 1 1 1 1 1 1 1 1 1 1 0 1 0 0 1 1 1 1 0 1 1
126 1 0 1 1 0 1 0 1 0 1 1 1 1 0 1 1 1 0 0 1 1 0 1 0 0 0 0 1 0 1 1 0
127 1 1 0 0 0 0 1 1 0 0 1 0 0 1 0 0 1 0 0 0 0 1 1 1 1 0 0 0 0 0 1 0
128 0 1 0 0 0 1 1 0 1 1 1 1 1 1 1 1 1 1 1 1 0 1 1 0 0 0 1 1 0 1 1 0
129 0 0 0 0 0 0 0 0 0 0 0 0 0 0 0 0 0 0 0 1 0 0 1 0 1 0 0 0 0 0 0 0
130 0 0 0 1 1 1 0 0 0 1 0 0 0 0 0 0 0 0 0 0 0 1 1 1 0 0 0 0 0 0 0 0
131 0 0 0 1 1 1 1 1 1 1 0 0 0 0 0 0 0 0 0 0 0 0 1 0 0 0 0 0 0 0 1 1
132 0 1 0 1 0 1 0 0 0 1 1 1 1 0 1 0 1 0 0 1 0 0 1 0 0 0 0 0 0 0 0 0
133 0 0 0 1 0 0 1 0 0 0 0 0 1 1 1 1 0 0 1 0 0 0 0 1 0 0 0 1 0 1 1 1
134 1 0 0 1 0 1 0 0 0 1 0 0 0 0 0 0 0 0 0 0 0 0 1 0 0 0 0 0 0 0 0 1
135 0 0 0 1 0 1 1 0 0 0 0 0 0 0 0 0 0 0 0 0 0 0 0 0 0 0 0 0 0 1 0 0
136 1 1 1 0 1 1 1 1 0 1 1 1 1 1 1 1 1 1 1 1 1 1 1 1 1 1 1 1 1 1 1 1
137 1 0 1 1 0 1 1 0 0 1 1 1 1 1 1 1 1 1 0 1 1 1 1 0 0 0 1 1 1 1 1 1
138 0 0 1 1 0 1 1 0 1 0 1 0 1 1 1 1 1 1 1 1 1 1 1 0 0 0 1 1 1 1 1 1
139 1 0 1 0 0 0 0 0 0 1 1 1 1 1 1 0 1 1 0 1 0 1 1 1 0 0 1 1 0 1 1 0
140 0 1 1 1 0 0 1 0 0 1 0 1 1 0 1 0 0 1 0 1 0 0 0 0 0 1 1 0 0 0 0 0
141 0 0 0 0 0 1 0 1 0 0 0 0 0 0 1 1 1 0 0 0 0 1 1 0 1 0 0 0 0 0 0 0
142 1 0 0 0 0 0 1 1 1 1 0 0 0 0 0 0 0 0 0 0 0 0 1 0 1 0 0 0 0 0 1 1
143 1 1 0 0 0 0 1 0 0 1 1 1 1 1 1 0 1 1 0 1 1 1 1 0 0 0 1 0 0 1 0 1
144 0 0 1 1 0 1 1 0 0 0 0 1 1 1 1 0 1 0 0 0 0 1 0 0 0 0 0 0 1 0 1 0
145 0 1 0 0 0 0 0 0 1 0 0 0 1 0 1 0 0 0 0 0 1 1 0 0 0 0 0 0 0 0 1 1
146 0 0 1 0 0 0 1 0 0 0 0 0 1 0 0 0 0 0 0 0 0 1 0 0 0 0 0 1 1 0 1 1
147 0 0 0 1 0 0 0 0 0 0 1 0 0 1 1 0 0 0 0 0 1 1 0 0 0 0 0 0 0 1 1 0
148 1 1 1 1 1 1 1 0 1 1 0 1 1 1 1 1 0 1 0 1 1 1 1 0 1 0 0 0 1 1 1 1
149 1 1 1 1 1 1 1 0 1 1 1 1 1 1 1 1 1 1 0 1 1 1 1 0 0 0 1 1 1 1 1 1
150 1 1 1 1 1 1 1 1 1 1 0 1 1 1 1 0 0 1 0 1 0 0 1 0 1 0 0 0 1 1 1 1
151 1 1 1 1 1 1 1 1 1 1 1 1 1 1 1 1 1 1 1 1 1 1 1 1 0 0 1 1 1 1 1 1
152 0 1 0 0 0 1 0 0 1 1 0 1 1 0 1 1 0 0 0 0 0 0 1 0 0 0 0 0 1 0 0 0
153 0 1 1 0 1 0 0 1 0 1 1 1 0 1 1 0 1 1 1 1 0 0 1 1 0 0 1 0 1 0 0 1
154 0 0 0 1 0 1 0 0 0 0 1 0 1 1 1 0 1 1 0 0 0 0 0 0 0 1 1 0 1 0 1 1
155 1 1 0 0 0 1 0 1 1 1 1 1 1 1 1 1 1 1 0 1 1 1 1 0 0 0 1 1 1 0 1 1
156 1 1 0 1 1 1 1 1 1 1 1 1 1 1 1 1 1 1 1 1 1 1 1 0 1 1 1 1 0 1 1 1
157 1 1 1 0 1 1 1 1 1 1 1 1 1 1 1 1 1 1 1 1 1 1 1 1 1 1 1 1 1 1 1 1
158 1 1 1 1 1 0 1 1 0 1 1 1 1 1 1 1 1 0 1 1 0 0 1 0 0 0 1 1 1 0 1 0
159 1 1 1 1 1 1 1 1 0 1 1 1 1 1 1 1 1 1 0 0 0 1 1 0 1 0 1 1 1 1 1 1
160 1 1 0 0 0 0 0 0 0 0 0 1 1 1 1 0 0 1 0 0 1 0 0 1 0 0 0 0 1 0 1 0
161 0 1 0 1 1 1 1 1 1 1 1 0 0 0 0 0 1 1 0 0 0 1 0 0 0 1 1 1 0 1 1 1
162 0 1 1 0 0 0 0 0 0 0 0 0 0 0 0 0 1 1 0 1 1 0 0 0 0 1 0 1 0 0 0 0
163 1 1 1 1 1 1 1 0 1 1 1 1 1 1 1 1 1 1 0 1 1 1 1 0 1 1 1 0 1 1 1 1
164 0 0 0 0 1 0 0 0 1 0 1 0 0 0 0 0 0 0 0 0 0 0 0 0 0 0 0 0 0 1 0 0
165 0 1 0 0 0 1 1 0 0 1 0 0 1 0 1 0 0 0 0 0 0 1 0 1 0 0 0 0 1 0 1 0
166 0 0 0 1 0 1 0 1 0 1 1 1 1 1 0 0 0 0 1 0 0 1 1 0 1 0 0 0 0 1 0 0
167 0 0 1 0 0 0 0 0 0 0 0 0 0 1 0 0 0 0 0 0 0 0 1 0 0 0 0 0 0 0 0 0
168 0 1 1 1 0 1 0 0 0 0 0 0 1 0 1 1 1 0 0 1 0 1 0 0 0 0 0 0 0 0 0 0
169 0 0 0 0 0 1 1 0 1 1 0 0 1 0 1 0 0 0 0 1 0 1 1 1 0 0 0 0 1 0 1 0
170 0 0 0 1 0 0 0 0 0 0 0 0 0 0 0 0 0 0 0 0 0 1 1 1 0 0 0 0 0 0 0 0
171 0 1 1 0 0 0 0 0 0 0 1 1 1 1 1 1 1 1 0 1 1 0 0 0 0 1 1 1 1 0 0 0
172 0 0 0 0 0 1 1 0 0 1 0 1 0 0 1 1 0 1 0 0 0 0 1 0 0 0 0 0 0 0 0 0
173 1 1 1 1 0 0 1 0 0 0 1 1 1 0 1 0 1 1 0 1 1 1 1 1 0 0 1 1 0 0 0 1
174 0 0 0 0 0 0 0 0 0 0 0 0 0 0 0 0 0 0 0 0 0 0 0 0 0 0 0 0 0 0 0 0
175 1 0 0 0 0 0 0 0 1 0 0 0 0 1 0 0 0 0 0 0 0 1 1 0 0 0 0 0 0 1 0 1
176 0 1 1 0 0 0 0 0 0 0 1 0 0 0 0 0 0 0 0 0 0 0 0 0 0 1 0 0 0 0 0 0
177 0 0 1 1 1 0 0 0 0 1 1 1 0 0 1 0 1 1 0 0 0 0 1 0 1 0 1 0 0 0 0 0
178 1 0 0 1 1 1 1 1 0 1 1 0 1 1 1 0 1 1 0 1 1 1 1 1 0 0 0 0 0 1 1 1
179 1 0 0 0 0 1 0 1 0 1 1 1 1 1 1 1 1 1 0 1 0 1 1 0 0 0 0 0 0 1 1 1
180 1 1 0 1 1 0 0 0 0 0 0 0 1 0 1 1 0 1 0 1 1 1 0 1 1 0 1 0 0 1 1 1
181 1 0 0 1 1 1 0 0 0 0 0 0 1 0 0 0 0 0 0 0 0 1 1 0 0 0 0 0 1 0 1 0
182 0 0 0 0 0 0 0 0 0 0 0 0 0 0 0 0 0 0 0 0 0 0 0 0 0 0 0 0 0 0 0 0
183 1 1 0 1 1 1 1 1 0 1 0 1 1 0 1 0 0 0 1 1 0 1 1 0 0 0 0 0 0 1 1 1
184 1 1 1 1 1 1 1 1 0 1 1 1 1 1 1 1 1 1 1 1 0 0 1 1 0 1 1 1 1 1 1 1
185 0 1 0 0 0 0 0 0 0 0 1 0 0 0 0 0 0 0 0 0 0 0 0 0 0 1 0 0 0 0 0 0
186 1 0 0 0 0 1 0 1 0 1 0 1 1 1 1 0 0 1 0 1 1 1 1 0 1 0 0 0 0 0 1 0
187 1 0 0 1 0 0 0 0 0 1 0 0 0 0 0 0 1 1 1 1 0 0 0 1 0 0 0 0 0 0 0 1
188 0 0 0 0 0 1 0 1 1 1 0 0 1 0 1 0 0 0 0 0 0 1 1 1 0 0 0 0 0 1 0 0
189 1 0 0 0 1 0 0 0 0 1 0 1 1 1 1 0 0 1 0 1 0 1 1 0 0 0 0 0 0 1 0 1
190 1 1 1 1 1 1 1 1 1 0 1 1 1 1 1 1 1 1 1 1 1 1 1 1 0 0 1 1 1 1 1 1
191 0 1 1 1 1 1 1 0 0 1 1 1 1 1 1 1 1 1 0 1 1 1 1 0 1 0 1 1 1 1 1 1
192 1 0 1 1 0 0 0 0 0 1 1 1 1 1 1 1 1 1 0 1 1 1 1 0 1 1 1 0 1 0 1 1
193 1 1 1 1 0 0 1 0 0 1 1 0 1 0 1 1 1 1 0 0 0 1 1 0 0 1 0 1 0 0 0 0
194 0 1 1 1 0 1 0 0 1 1 1 0 1 1 1 1 1 1 1 1 0 1 1 1 1 0 1 1 1 1 0 1
195 1 0 1 1 0 1 0 0 0 1 1 1 1 1 1 1 1 1 0 1 1 1 1 1 1 0 1 1 1 0 1 1
196 1 1 1 1 0 1 0 0 0 1 1 1 1 1 1 1 1 1 0 1 1 1 1 0 0 0 1 1 1 1 0 1
197 0 0 0 0 0 0 0 0 0 1 1 0 1 1 1 0 0 0 0 0 0 1 1 0 1 0 0 0 0 0 0 1
198 1 1 1 0 0 1 1 1 1 1 1 1 0 1 1 1 1 1 0 1 1 1 1 0 0 1 1 1 0 0 1 1
199 1 1 1 0 1 1 0 0 0 1 1 1 1 1 1 1 1 1 1 1 0 1 1 1 0 1 1 1 1 0 1 1
200 1 1 0 1 0 1 1 0 0 1 1 1 1 1 1 0 1 1 0 1 0 1 1 1 1 0 1 0 0 1 1 1
201 1 0 0 0 0 0 0 1 0 0 0 0 1 0 0 0 1 1 0 0 0 1 1 0 0 0 0 0 0 1 1 1
202 0 1 0 1 1 1 1 1 0 1 0 1 1 1 0 0 1 0 0 1 0 1 0 1 0 0 0 0 0 1 0 1
203 0 0 0 1 0 0 0 0 0 1 0 0 1 1 0 0 0 1 0 0 0 1 1 0 1 0 1 0 1 1 0 0
204 1 0 1 0 0 1 1 0 0 1 1 0 1 1 1 0 1 1 1 1 1 1 1 1 0 0 1 1 1 0 0 1
205 1 0 0 0 0 0 1 0 0 1 1 0 0 0 0 0 0 0 0 0 0 1 1 0 0 0 0 0 0 0 0 0
206 1 1 0 1 0 1 1 1 0 1 1 1 1 1 1 1 1 1 0 1 1 1 0 0 0 1 1 1 1 0 0 1
207 1 1 1 0 0 1 0 0 0 1 1 1 1 1 1 1 1 1 1 1 1 1 1 0 0 1 1 1 1 1 1 1
208 1 0 0 1 0 1 1 1 0 1 0 0 0 0 0 0 0 0 0 1 0 1 1 1 0 0 0 0 0 0 0 1
209 1 1 0 0 0 0 1 0 1 0 0 1 1 0 1 0 0 0 0 1 0 1 1 0 0 0 0 0 1 0 0 0
210 1 0 1 1 1 1 1 1 1 1 1 1 1 1 1 0 1 1 1 1 1 1 1 1 1 0 1 0 1 1 1 1
211 1 0 1 1 0 1 0 1 0 1 1 1 1 1 1 0 1 0 1 0 1 0 0 0 1 0 1 0 0 1 1 1
212 0 0 1 0 0 1 1 0 0 0 1 1 1 1 1 0 1 0 0 0 1 1 0 0 1 0 1 0 1 1 1 1
213 0 1 1 0 0 1 1 0 0 1 1 1 1 0 1 1 1 1 1 0 1 0 0 0 0 1 1 1 1 1 0 0
214 1 1 1 1 1 1 1 1 1 1 1 1 1 1 1 1 0 1 1 1 1 0 1 0 0 1 1 1 1 1 1 1
215 0 0 0 0 0 0 0 0 1 0 0 1 0 1 0 0 0 0 0 1 0 0 0 0 0 1 0 0 0 0 0 0
216 1 0 0 0 0 1 0 0 0 0 0 0 0 0 0 0 0 0 0 0 0 1 1 0 0 0 0 0 0 0 0 1
217 1 0 1 1 0 0 1 0 0 0 1 1 1 0 1 0 1 1 0 0 1 0 0 0 0 0 1 1 0 0 0 0
218 0 1 0 1 0 0 0 1 0 1 0 0 0 0 0 0 0 0 1 0 0 0 0 1 1 0 0 0 0 0 0 0
219 1 0 1 0 1 1 1 0 0 1 1 1 1 1 1 0 1 1 0 1 0 1 1 1 1 1 0 0 0 1 1 1
220 0 0 0 0 0 1 0 0 0 0 1 0 0 0 1 0 0 0 0 0 0 0 1 0 1 0 0 0 0 0 0 1
221 1 0 1 1 1 0 1 1 0 1 1 1 1 1 1 0 1 1 0 1 1 1 1 0 0 1 1 1 0 1 0 0
222 0 0 1 0 0 0 0 0 0 0 0 1 1 0 1 1 0 1 0 1 0 0 0 0 0 0 0 0 1 0 1 0
223 0 0 0 1 0 1 0 0 0 0 0 0 0 1 0 0 0 0 0 0 0 0 0 0 0 0 0 0 0 0 0 0
224 1 0 0 0 0 1 1 0 1 1 0 0 0 0 0 0 0 0 0 0 0 1 1 0 0 0 0 0 0 0 0 0
225 0 0 0 0 0 0 0 0 0 0 0 0 0 1 0 0 0 0 0 1 0 1 0 0 0 0 0 0 0 0 1 0
226 0 0 0 0 0 0 0 0 0 0 0 0 0 0 0 0 0 0 0 0 0 0 0 0 0 0 0 0 0 0 0 0
227 1 1 0 0 0 0 0 0 0 1 0 0 0 1 0 0 0 0 1 1 0 1 0 0 0 0 0 0 0 0 0 1
228 0 0 0 0 0 1 1 0 1 1 1 0 1 0 0 1 0 0 0 0 0 0 0 0 0 1 0 0 0 0 0 0
229 0 0 0 1 1 0 0 0 1 0 0 0 0 0 0 0 1 1 0 1 0 1 0 0 1 0 0 0 1 0 0 0
230 0 1 0 1 0 1 0 0 0 1 0 0 1 1 0 0 0 0 0 0 0 0 0 0 0 1 0 0 0 1 0 0
231 1 1 0 1 1 1 0 0 0 1 0 1 1 1 1 0 0 0 0 1 0 0 1 0 0 0 1 0 0 0 0 0
232 0 0 0 1 0 0 0 0 0 1 1 1 1 1 1 0 1 1 1 1 0 1 1 0 1 0 0 0 0 0 0 0
233 0 1 1 1 1 0 0 1 0 0 1 1 1 0 1 1 1 1 1 0 1 0 1 0 1 1 1 1 1 1 1 0
234 0 1 0 0 0 0 0 0 1 1 0 0 1 0 0 0 1 0 0 1 1 1 1 0 0 0 0 0 0 0 1 0
235 0 1 0 1 0 0 0 0 0 1 0 1 1 0 1 1 1 1 0 1 0 0 0 0 0 0 0 0 0 0 1 0
236 1 1 0 0 1 0 0 0 0 0 1 0 1 1 1 0 1 0 1 1 1 1 1 0 0 0 1 1 0 1 0 1
237 1 1 1 1 1 1 1 1 1 1 1 1 1 1 1 1 1 1 1 1 1 1 1 1 1 1 1 1 1 1 1 1
238 1 1 1 0 1 1 1 0 0 1 1 1 1 1 1 1 1 1 1 1 1 1 1 0 0 0 1 1 0 1 1 1
239 0 0 0 0 0 0 0 0 0 0 0 0 0 0 0 0 0 0 0 1 0 0 0 0 0 0 0 0 0 0 0 0
240 0 1 1 0 1 0 1 1 0 1 1 1 1 1 1 1 1 1 0 1 1 1 1 0 1 0 1 0 1 1 0 1
241 1 0 1 1 0 1 1 1 1 1 1 1 1 1 1 1 1 1 1 1 1 1 1 0 1 0 1 1 1 1 0 1
242 1 0 0 1 0 1 1 0 0 1 0 0 0 1 0 0 0 0 0 1 0 0 1 0 0 0 0 0 0 1 1 1
243 1 0 1 1 1 1 1 1 1 1 1 1 1 1 1 1 1 1 1 1 1 1 1 1 1 0 1 1 1 1 1 1
244 0 0 0 0 0 0 0 0 1 1 0 0 0 0 1 0 0 0 0 0 0 1 1 1 0 1 0 0 0 1 0 0
245 0 0 0 0 0 0 1 0 0 0 0 0 1 0 1 1 0 0 0 0 0 0 0 0 1 0 0 0 0 0 1 0
246 1 1 0 1 0 1 0 0 0 1 1 1 1 1 1 1 1 1 0 1 1 1 1 0 0 0 1 0 0 1 0 0
247 1 1 1 0 0 1 1 1 1 1 1 1 1 1 1 0 1 0 0 1 1 1 1 0 0 0 1 0 0 1 1 1
248 1 0 1 1 1 1 1 1 0 1 1 1 1 1 1 1 1 1 1 1 1 1 1 0 0 0 1 1 0 1 0 1
249 0 0 1 1 1 0 0 0 1 1 1 1 1 1 1 0 1 1 1 1 1 1 1 0 0 0 1 1 0 1 0 1
250 1 0 0 1 0 0 0 0 1 0 0 1 1 1 1 0 1 1 0 1 0 1 0 0 0 0 1 0 1 0 1 0
251 0 0 1 1 0 0 0 1 0 1 1 0 0 0 1 1 1 1 1 1 1 1 1 1 1 0 1 0 0 0 0 0
252 1 1 0 1 1 1 0 1 0 0 1 1 1 0 1 1 1 1 0 0 1 1 1 1 0 1 1 1 0 1 1 1
253 0 0 0 0 1 0 1 0 0 0 0 0 0 0 0 0 0 0 0 1 0 1 0 0 0 0 0 0 0 0 0 0
254 0 1 1 1 0 0 1 0 0 1 0 1 1 1 1 1 1 1 1 1 1 0 0 0 0 0 1 1 0 0 1 0
255 0 0 0 0 0 0 0 0 1 0 0 0 0 0 0 0 0 0 0 1 0 1 0 0 0 0 0 0 1 0 0 0
256 1 0 1 1 1 1 1 1 1 1 0 1 1 1 0 0 0 0 1 1 0 1 1 1 1 0 0 1 0 1 1 1
257 0 1 0 0 0 0 0 0 0 0 0 1 1 0 0 0 1 0 0 0 0 1 1 0 0 0 1 0 1 1 0 0
258 0 0 0 0 0 0 0 0 0 0 0 0 0 0 0 0 0 0 0 0 0 0 0 0 0 0 0 0 0 0 0 0
259 0 0 0 0 1 0 0 0 1 0 0 0 0 0 0 0 0 0 0 0 0 0 1 0 1 0 0 0 0 1 0 1
260 0 1 0 0 0 0 0 0 0 1 0 0 0 0 1 0 0 0 0 1 0 0 0 0 0 1 0 0 1 0 0 0
261 0 0 0 1 0 1 0 0 1 1 1 1 0 1 1 0 1 0 0 1 0 0 0 0 0 0 0 0 1 0 0 0
262 1 1 1 1 1 1 1 1 1 1 1 1 1 1 1 1 1 1 1 0 1 1 1 1 0 1 1 1 1 1 1 1
263 0 0 0 1 1 1 1 0 0 1 0 0 0 1 0 0 0 0 0 1 0 1 1 0 0 0 0 0 0 1 0 1
264 0 0 1 1 1 1 1 1 1 1 1 1 1 1 1 1 1 1 1 1 1 0 1 0 0 0 1 1 1 1 1 1
265 0 0 0 1 0 0 1 1 0 1 1 1 1 1 1 1 1 1 1 1 1 0 1 0 0 0 1 0 0 0 1 1
266 0 0 0 1 1 1 1 1 1 1 0 0 0 0 0 0 1 0 1 1 1 1 0 1 1 0 1 0 0 1 1 1
267 0 0 0 0 1 0 1 0 0 0 1 1 1 1 1 1 1 0 0 1 0 1 1 0 1 1 0 0 0 1 1 1
268 1 1 0 1 1 1 1 0 0 1 1 1 0 1 1 1 1 1 1 1 1 1 1 0 1 0 1 0 1 0 0 1
269 1 1 1 1 1 1 1 1 1 1 1 1 1 1 1 1 1 1 1 1 1 1 1 1 0 1 1 1 1 1 1 1
270 0 0 0 1 1 1 0 0 0 1 0 0 0 1 0 0 0 0 0 1 0 1 1 1 0 0 0 0 0 1 0 1
271 0 1 1 1 0 0 0 0 0 1 0 1 1 1 1 0 0 1 1 1 1 1 1 0 0 1 1 1 1 0 0 0
272 0 1 1 1 1 1 1 1 1 1 1 1 1 1 1 1 1 1 1 1 1 0 1 1 0 1 1 1 1 1 1 1
273 0 0 1 0 0 1 1 0 0 0 0 0 0 0 0 1 0 0 0 1 0 1 1 1 0 0 1 0 0 1 0 0
274 0 0 0 0 0 1 1 1 0 0 0 0 0 1 0 0 0 0 0 0 0 1 0 0 0 0 0 0 0 0 0 0
275 1 0 0 1 0 1 1 0 1 1 0 1 0 0 0 0 0 0 0 0 0 0 0 0 0 0 0 0 0 1 0 0
276 0 1 1 1 0 1 1 1 1 1 1 1 1 1 1 1 1 1 1 1 1 1 1 1 0 1 1 1 1 0 1 1
277 0 0 0 1 1 1 1 1 1 1 0 0 0 1 0 0 0 0 0 1 0 0 0 0 0 0 0 0 0 1 1 1
278 0 0 1 1 1 1 1 1 1 1 1 1 0 0 1 0 1 0 1 0 1 0 1 1 0 0 1 0 0 1 1 1
279 1 0 1 1 0 1 0 1 0 1 1 1 1 1 1 1 1 1 0 0 0 1 1 0 0 1 1 0 0 0 0 0
280 1 1 1 1 0 0 0 0 0 0 1 1 1 0 1 1 1 1 1 1 1 0 1 0 0 1 1 1 1 0 0 0
281 0 0 0 1 1 1 1 1 1 1 0 1 1 1 1 1 1 1 0 1 0 0 1 0 0 0 0 0 0 1 1 1
282 0 1 1 1 1 1 0 0 0 0 1 1 1 1 1 1 1 1 1 1 1 1 0 1 0 1 1 1 1 1 0 0
283 1 1 0 1 1 0 0 0 0 1 1 1 1 1 0 0 0 0 0 1 0 1 1 0 0 0 0 0 0 1 1 0
284 0 0 0 0 1 1 0 1 1 1 0 0 0 1 0 0 0 0 0 1 0 1 1 1 0 0 0 0 0 0 0 0
285 0 0 0 1 0 0 0 0 0 1 1 1 0 1 1 0 1 1 0 1 0 0 1 0 1 0 1 1 0 0 1 0
286 0 0 0 1 1 0 0 0 1 0 1 0 1 1 0 0 0 0 1 0 0 0 1 0 0 1 0 0 0 1 1 1
287 0 1 0 0 0 1 0 0 0 0 0 1 1 1 0 1 0 0 0 1 0 0 1 1 0 1 0 0 1 1 0 0
288 0 1 0 1 1 1 1 1 1 1 0 0 1 1 1 1 1 0 0 1 0 0 0 0 0 0 0 0 0 1 1 1
289 0 0 0 1 0 0 0 1 0 0 0 0 0 0 0 0 0 0 0 0 0 0 1 0 0 0 0 0 0 1 0 0
290 0 0 0 0 0 0 0 0 1 0 0 0 0 0 0 0 0 0 0 0 0 0 0 0 0 0 0 0 0 0 0 1
291 0 0 0 1 1 1 1 1 1 1 0 0 0 1 0 0 0 0 0 1 0 0 1 0 0 0 0 0 0 1 1 1
292 1 0 1 1 0 1 1 0 1 1 1 1 1 1 1 1 1 1 0 1 0 1 1 0 0 0 1 0 0 1 1 1
293 1 1 1 0 1 0 0 0 0 1 1 1 1 1 1 1 1 0 1 1 1 1 1 0 1 0 1 1 1 1 1 1
294 1 0 1 0 0 0 0 0 0 0 1 1 1 0 1 1 1 1 0 1 1 0 1 1 0 0 1 0 0 1 0 0
295 0 0 0 1 0 0 0 0 0 0 0 0 0 0 1 1 0 1 0 1 0 1 0 0 0 0 0 0 1 1 0 1
296 0 1 0 0 0 0 0 0 0 0 1 1 0 1 0 0 1 0 0 1 0 1 1 0 1 1 0 0 0 0 0 0
297 0 0 0 0 0 1 0 0 0 0 0 0 0 1 1 0 0 0 0 1 0 1 0 0 0 0 0 0 0 0 0 0
298 0 0 0 0 0 0 0 0 0 0 0 0 0 0 0 0 0 0 0 1 0 1 1 0 0 0 0 0 0 0 0 0
299 0 0 0 0 0 0 0 0 0 0 0 0 0 0 0 0 0 0 0 0 0 0 0 0 0 0 0 0 0 0 0 0
300 0 0 0 1 0 1 1 0 1 1 0 0 0 1 0 0 0 0 0 1 0 1 1 0 0 0 0 0 0 1 1 1
301 0 0 0 1 0 0 0 1 1 0 0 0 0 0 0 0 0 0 0 1 0 1 1 0 0 0 0 0 0 1 1 1
302 0 0 0 0 0 0 1 1 1 1 0 0 0 1 0 0 0 0 0 0 0 0 1 0 0 0 0 0 0 0 1 0
303 0 0 0 1 0 0 0 0 0 1 0 0 0 0 0 0 0 0 0 0 0 0 1 1 1 0 0 0 0 0 0 1
304 0 0 0 1 0 1 0 1 1 1 0 1 0 1 0 0 0 0 0 1 0 1 0 1 1 0 0 0 0 0 0 0
305 1 0 0 1 1 1 0 1 1 1 0 0 0 1 0 0 0 0 0 1 0 1 1 1 1 0 0 0 0 1 1 1
306 1 0 0 1 0 0 0 0 0 0 1 0 1 1 1 1 1 0 1 1 1 1 0 0 0 0 1 0 0 0 0 0
307 0 0 0 1 1 0 0 0 0 0 0 0 0 0 0 0 0 0 0 1 0 0 0 1 0 0 0 0 0 0 0 1
308 1 0 0 1 1 0 0 1 1 0 0 0 0 0 0 0 0 0 0 0 0 0 1 0 0 0 0 0 0 0 0 1
309 0 0 0 0 0 0 0 0 0 0 0 0 0 0 0 0 0 0 0 0 0 0 0 0 0 0 0 0 0 0 0 0
310 0 0 0 0 0 0 0 0 0 0 0 0 0 0 0 0 0 0 0 1 0 0 0 0 0 0 0 0 0 0 0 0
311 0 0 0 0 0 0 0 0 0 0 0 0 0 0 0 0 0 0 0 1 0 0 0 0 0 0 0 0 0 0 0 1
312 0 0 0 0 0 0 0 0 0 0 1 0 0 0 0 0 0 0 0 0 0 0 0 0 0 1 0 0 0 0 0 0
313 0 0 0 0 0 0 0 0 0 0 0 0 0 0 0 0 0 0 0 0 0 0 0 0 0 0 0 0 0 0 0 0
314 0 1 1 1 0 1 1 1 1 1 1 1 1 0 1 1 1 1 0 1 1 1 1 0 0 1 1 1 0 0 1 1
315 0 0 0 1 0 0 0 1 0 0 0 0 1 1 0 1 1 0 0 0 0 0 0 0 1 1 0 0 0 0 0 0
316 1 1 1 0 0 1 0 1 0 1 1 1 1 1 1 1 1 1 1 1 1 1 1 0 0 1 1 1 0 0 0 1
317 0 0 1 0 0 0 0 0 0 0 0 0 1 0 0 0 0 0 0 0 0 0 0 0 0 0 0 0 1 0 0 1
318 1 1 0 1 1 1 0 1 0 0 0 0 1 0 0 0 1 0 1 0 0 1 1 0 0 0 0 0 0 1 1 1
319 0 0 1 1 1 1 1 1 1 1 1 1 1 1 1 1 1 1 1 1 1 1 1 0 0 0 1 1 1 1 1 1
